8.4853  0.8733  
7.8102  -0.0137  
7.2111  0.7632  
6.7082  -0.8656  
6.3246  -0.2375  
6.0828  -0.1433  
6.0000  0.6112  
6.0828  -0.3579  
6.3246  -0.6325  
6.7082  -0.3707  
7.2111  0.8270  
7.8102  1.2104  
7.0711  0.5591  
6.4031  0.6540  
5.8310  -0.3438  
5.3852  -0.5272  
5.0990  0.7016  
5.0000  0.2595  
5.0990  -0.6010  
5.3852  0.1535  
5.8310  0.7155  
6.4031  0.0401  
7.2111  0.1876  
6.4031  -0.5230  
5.6569  -0.2960  
5.0000  -0.2908  
4.4721  -0.6696  
4.1231  -1.0295  
4.0000  0.0144  
4.1231  -0.3828  
4.4721  0.4132  
5.0000  -0.5778  
5.6569  0.8025  
6.7082  -1.0614  
5.8310  -0.4410  
5.0000  -0.1160  
4.2426  0.1679  
3.6056  -0.6917  
3.1623  0.6167  
3.0000  0.1244  
3.1623  0.5386  
3.6056  -0.2661  
4.2426  0.0409  
5.0000  0.3426  
6.3246  0.4233  
5.3852  0.1475  
4.4721  0.1478  
3.6056  -0.0043  
2.8284  0.1069  
2.2361  0.2308  
2.0000  0.2619  
2.2361  0.3362  
2.8284  -0.3720  
3.6056  -0.5953  
4.4721  -0.0637  
6.0828  -0.3787  
5.0990  -1.0594  
4.1231  -0.1492  
3.1623  -0.2481  
2.2361  -0.5707  
1.4142  -0.1561  
1.0000  -0.1093  
1.4142  -0.1969  
2.2361  0.5132  
3.1623  0.6834  
4.1231  0.5877  
6.0000  0.9248  
5.0000  -0.3620  
4.0000  0.0223  
3.0000  0.6077  
2.0000  0.5290  
1.0000  -0.8968  
0.0000  1.0000  
1.0000  -0.4661  
2.0000  0.8488  
3.0000  -0.8343  
4.0000  0.7684  
6.0828  0.7345  
5.0990  0.6986  
4.1231  0.5872  
3.1623  -0.2601  
2.2361  0.1814  
1.4142  1.2107  
1.0000  -0.7780  
1.4142  0.5464  
2.2361  0.3461  
3.1623  0.0908  
4.1231  0.8760  
6.3246  0.1356  
5.3852  0.7237  
4.4721  -0.0884  
3.6056  -0.0521  
2.8284  0.6237  
2.2361  -0.4464  
2.0000  0.0781  
2.2361  0.6400  
2.8284  0.1694  
3.6056  -1.0154  
4.4721  0.2529  
6.7082  0.9307  
5.8310  0.3438  
5.0000  -0.2880  
4.2426  -0.5744  
3.6056  -0.4113  
3.1623  0.1946  
3.0000  0.3004  
3.1623  0.2314  
3.6056  0.3512  
4.2426  0.7945  
5.0000  0.8103  
7.2111  -0.3839  
6.4031  -0.7234  
5.6569  0.3609  
5.0000  -0.0803  
4.4721  -0.5405  
4.1231  -0.1101  
4.0000  -0.2461  
4.1231  0.3446  
4.4721  0.2725  
5.0000  0.0190  
5.6569  -0.1878  
7.8102  -0.8844  
7.0711  0.9925  
6.4031  0.2661  
5.8310  0.0592  
5.3852  -0.1865  
5.0990  -0.1075  
5.0000  -0.2949  
5.0990  -0.4041  
5.3852  0.9144  
5.8310  0.4960  
6.4031  0.3353  
8.4853  0.2582  
7.8102  -0.9837  
7.2111  -0.2913  
6.7082  -0.2128  
6.3246  -0.4607  
6.0828  0.3890  
6.0000  0.7274  
6.0828  -0.0017  
6.3246  -0.7847  
6.7082  -0.4299  
7.2111  0.1586  
